      0/29     7.74G      5.05      68.8         0      73.8        14       512   0.00166    0.0508    0.0031   0.00321      4.16      22.8         0
      1/29     7.24G      4.73      4.02         0      8.75        14       512         0         0   0.00392         0      2.92      1.63         0
      2/29     8.85G      4.06       2.7         0      6.76        11       512         0         0    0.0221         0      3.05      1.79         0
      3/29     8.85G       3.6      3.24         0      6.85        13       512         0         0     0.242         0      2.49      1.86         0
      4/29     8.85G      3.26      3.15         0      6.41        15       512         1   0.00847     0.676    0.0168      2.35       1.6         0
      5/29     8.85G      3.06      3.08         0      6.14        11       512         1   0.00847     0.728    0.0168      2.74      1.35         0
      6/29     8.85G      2.46      2.84         0       5.3        12       512         1    0.0728     0.691     0.136      2.16      1.06         0
      7/29     8.85G      3.28      2.16         0      5.43        10       512     0.734     0.702      0.75     0.717      2.19     0.918         0
      8/29     8.85G      2.92      1.82         0      4.74        13       512     0.599     0.847     0.679     0.702      2.63      1.04         0
      9/29     8.85G      2.86      1.71         0      4.57        13       512     0.486     0.898     0.659      0.63      2.07      1.29         0
     10/29     8.85G      2.57       1.7         0      4.26        12       512     0.633     0.482     0.574     0.547      2.31     0.998         0
     11/29     8.85G       2.4      1.57         0      3.97        15       512     0.669     0.483     0.623     0.561      2.45     0.961         0
     12/29     8.85G      2.37      1.31         0      3.68        13       512     0.795     0.394     0.746     0.527       1.9     0.929         0
     13/29     8.85G      2.72      1.35         0      4.07        11       512      0.86     0.636     0.809     0.731      1.62     0.858         0
     14/29     8.85G      2.48      1.39         0      3.87        17       512     0.823     0.754     0.845     0.787       1.6     0.748         0
     15/29     8.85G      2.01      1.24         0      3.25        11       512     0.861     0.889     0.928     0.875      1.42     0.674         0
     16/29     8.85G      2.45      1.19         0      3.64        11       512     0.853     0.737     0.891     0.791      1.48     0.648         0
     17/29     8.85G      2.85      1.25         0      4.11        12       512     0.845     0.876     0.905      0.86      1.52     0.606         0
     18/29     8.85G      2.11      1.19         0       3.3        13       512     0.922     0.907     0.949     0.914      1.46     0.612         0
     19/29     8.85G      2.13      1.13         0      3.26        14       512     0.909     0.851     0.937     0.879      1.47     0.613         0
     20/29     8.85G      2.39      1.11         0      3.49        10       512     0.953      0.85     0.974     0.898      1.33     0.596         0
     21/29     8.85G      2.01       1.1         0      3.11         9       512      0.98      0.81     0.976     0.887      1.37     0.592         0
     22/29     8.85G      1.97      1.08         0      3.05        13       512         1     0.636      0.98     0.778      1.25     0.615         0
     23/29     8.85G       1.6      1.04         0      2.63        14       512         1     0.556     0.966     0.714      1.26     0.622         0
     24/29     8.85G      1.88      1.07         0      2.95         9       512     0.975     0.659     0.975     0.787      1.25       0.6         0
     25/29     8.85G      1.58      1.06         0      2.63        15       512     0.971     0.729     0.975     0.832       1.2     0.583         0
     26/29     8.85G       1.5      0.99         0      2.49        11       512      0.98     0.824     0.971     0.895      1.21     0.575         0
     27/29     8.85G      1.54     0.898         0      2.44        10       512     0.963     0.885     0.959     0.922       1.2      0.57         0
     28/29     8.85G      1.49     0.958         0      2.45        16       512     0.964     0.919     0.953     0.941      1.19     0.568         0
     29/29     8.85G      1.92      1.02         0      2.94        12       512     0.948     0.924     0.947     0.936      1.21     0.571         0
